((("100" .
   [1 0 0])
  ("arr" .
   [1 0 0])
  ("binSearch" .
   [0 0 0 0 1 0 0 0 0])
  ("else" .
   [1 0 0 2])
  ("mid" .
   [7 0 0])
  ("while" .
   [2 0 0 0 0])
  ("high" .
   [1 0 0 3])
  ("low" .
   [4 0 0])
  ("t" .
   [3])
  ("wib" .
   [1 0 0])
  ("for" .
   [5 0 1])
  ("total" .
   [3 0 0 1 0])
  ("div" .
   [5 0 0])
  ("value" .
   [3 0 0 0 1])
  ("argv" .
   [1 0 0 0])
  ("no2" .
   [1 0 0])
  ("no1" .
   [2 0 0])
  ("diff" .
   [3 0 0 0])
  ("result" .
   [4 0 0 1 0 6])
  ("in" .
   [3 0])
  ("char" .
   [4 0 0 0])
  ("Include" .
   [0 0 0 1 1 1 0])
  ("stdio" .
   [1 0 0 0 0])
  ("int" .
   [32 0 0])
  ("main" .
   [1 0 0 0])
  ("ticks" .
   [1 0 0 1 0])
  ("time" .
   [1 0 0 0])
  ("printf" .
   [3 0 0 0 0 6])
  ("return" .
   [3 0 0 0 0 5])
  ("unsigned" .
   [0 0 0 1 3 0 0 2])
  ("getbits" .
   [1 0 0 0 0 0 0])
  ("get" .
   [1 0 1])
  ("setbits" .
   [1 0 0 0 0 0 0])
  ("count" .
   [1 0 0 0 2])
  ("if" .
   [6 0])
  ("bitcount" .
   [0 0 0 0 1 0 0 0])
  ("255" .
   [2 0 0])
  ("sizeof" .
   [1 0 0 0 0 0])
  ("short" .
   [1 0 0 0 0])
  ("long" .
   [1 0 0 0])
  ("void" .
   [1 0 0 0])
  ("goto" .
   [1 0 0 1])
  ("found" .
   [1 0 0 0 0])
  ("normal" .
   [0 0 1 0 0 0])
  ("c" .
   [2])
  ("undo" .
   [1 0 0 0])
  ("erlang-skel-function" .
   [0 0 0 0 0 0 0 0 0 0 0 0 0 1 0 0 0 0 0 0])))
